RMSE: 0.007368
Rel_L2: 0.044594
Physics_Error: 8.635028e+00
Physics_Loss_Clean: 1.000733e+01
Physics_Loss_Adv: 8.399153e+00
Perturbation_L2: 1.156379
Perturbation_Linf: 0.010000
