RMSE: 0.021378
Rel_L2: 0.107929
Physics_Error: 6.563858e+00
