RMSE: 0.004105
Rel_L2: 0.023593
Physics_Error: 8.748134e+00
