RMSE: 0.007684
Rel_L2: 0.046712
Physics_Error: 1.085981e+01
Physics_Loss_Clean: 1.000733e+01
Physics_Loss_Adv: 1.054360e+01
Perturbation_L2: 1.279081
Perturbation_Linf: 0.049531
