RMSE: 0.020044
Rel_L2: 0.101191
Physics_Error: 6.176033e+00
