RMSE: 0.105600
Rel_L2: 0.643394
Physics_Error: 1.975471e+02
