RMSE: 0.016655
Rel_L2: 0.105184
Physics_Error: 1.897520e+01
Physics_Loss_Clean: 1.825865e+01
Physics_Loss_Adv: 1.865981e+01
Perturbation_L2: 2.555887
Perturbation_Linf: 0.010000
