RMSE: 0.011739
Rel_L2: 0.072236
Physics_Error: 1.831491e+01
