RMSE: 0.012444
Rel_L2: 0.076340
Physics_Error: 1.941543e+01
Physics_Loss_Clean: 1.916215e+01
Physics_Loss_Adv: 1.915995e+01
Perturbation_L2: 0.009998
Perturbation_Linf: 0.001991
