RMSE: 0.006832
Rel_L2: 0.040327
Physics_Error: 1.125647e+01
Physics_Loss_Clean: 1.000733e+01
Physics_Loss_Adv: 1.092562e+01
Perturbation_L2: 2.024756
Perturbation_Linf: 0.900000
