RMSE: 0.003070
Rel_L2: 0.017746
Physics_Error: 2.621776e+01
