RMSE: 0.011683
Rel_L2: 0.071079
Physics_Error: 1.901413e+01
