RMSE: 0.007434
Rel_L2: 0.042340
Physics_Error: 9.885381e+00
