RMSE: 0.106693
Rel_L2: 0.550963
Physics_Error: 4.637837e+00
