RMSE: 0.008255
Rel_L2: 0.047708
Physics_Error: 1.071888e+01
Physics_Loss_Clean: 1.045958e+01
Physics_Loss_Adv: 1.045973e+01
Perturbation_L2: 0.009999
Perturbation_Linf: 0.002070
