RMSE: 0.006819
Rel_L2: 0.040256
Physics_Error: 1.030244e+01
Physics_Loss_Clean: 1.000733e+01
Physics_Loss_Adv: 1.000766e+01
Perturbation_L2: 0.010000
Perturbation_Linf: 0.002664
