RMSE: 0.008776
Rel_L2: 0.052216
Physics_Error: 1.127905e+01
Physics_Loss_Clean: 1.045958e+01
Physics_Loss_Adv: 1.100040e+01
Perturbation_L2: 1.279081
Perturbation_Linf: 0.049531
